time,requests,hitrate,messages,lat_mean,lat_max,peers_traffic
0,0,0,0000,0,0,00,0,0
time,requests,hitrate,messages,lat_mean,lat_max,peers_traffic
0,0,0,0000,0,0,00,0,0
time,requests,hitrate,messages,lat_mean,lat_max,peers_traffic
0,0,0,0000,0,0,00,0,0
time,requests,hitrate,messages,lat_mean,lat_max,peers_traffic
0,0,0,0000,0,0,00,0,0
time,requests,hitrate,messages,lat_mean,lat_max,peers_traffic
0,0,0,0000,0,0,00,0,0
5000,80000,0,0000,638455,31,69,47,2097152
10000,160000,0,0000,1278397,31,67,47,4063232
15000,240000,0,0000,1918376,31,67,47,7733248
20000,320000,0,0000,2558352,31,67,47,10878976
25000,400000,0,0000,3198300,31,67,47,13893632
30000,480000,0,0000,3838281,31,68,47,17039360
35000,560001,0,0000,4478280,31,67,47,19791872
40000,640000,0,0000,5118242,31,68,48,22282240
45000,720001,0,0000,5758234,31,68,48,25296896
time   requests   hitrate   messages   lat mean   lat max   peers traffic
0   0   0,0000   0   0,00   0   0
5000   80001   0,0000   638404   31,63   47   2490368
10000   160000   0,0000   1278395   31,62   47   4587520
15000   240000   0,0000   1918392   31,61   47   6422528
20000   320000   0,0000   2558334   31,61   47   9043968
25000   400000   0,0000   3198335   31,61   47   10878976
time   requests   hitrate   messages   lat mean   lat max   peers traffic
0   0   0,00000000   0   0,00   0   0
5000   80000   0,00002715   638413   31,69   46   1703936
10000   160000   0,00002607   1278401   31,69   46   3276800
15000   240000   0,00002641   1918411   31,68   47   4980736
20000   320000   0,00002449   2558381   31,68   47   6160384
25000   400000   0,00002668   3198351   31,68   47   8388608
